FT		PID			QT			WT
-842150451		6		1		1
-842150451		8		1		1
-842150451		10		2		1
-842150451		2		1		2
-842150451		18		3		1
-842150451		1		1		2
-842150451		24		4		1
-842150451		25		4		1
-842150451		30		4		1
-842150451		26		4		1
-842150451		17		3		2
-842150451		16		3		2
-842150451		4		1		3
-842150451		22		4		2
-842150451		27		4		2
-842150451		12		2		3
-842150451		7		1		4
-842150451		15		3		3
-842150451		11		2		4
-842150451		3		1		5
-842150451		23		4		4
-842150451		14		3		5
-842150451		29		4		5
-842150451		5		1		7
-842150451		21		4		6
-842150451		28		4		6
-842150451		13		2		8
-842150451		9		2		8
-842150451		19		4		8
-842150451		20		4		8
----------------------------------------------
Patients: 30 [NP: 14, SP: 10, VP: 6]
Hospitals = 4
Cars: 50 [SCar: 13, NCar: 37]
Avg utilization = 4.81229e+07
