5
120 85
5 5
0 100 200 300 400
100 0 150 250 350
200 150 0 180 280
300 250 180 0 160
400 350 280 160 0
3 15
4 20
5 25
3 10
5 8
35
EP 1 1 1 120 5
NP 1 2 2 100
SP 1 3 2 200
SP 1 4 5 150
EP 2 5 3 300 7
SP 2 6 5 250
NP 2 7 4 220
NP 2 8 3 180
NP 3 9 5 270
SP 3 10 4 300
SP 3 11 1 190
NP 3 12 3 150
NP 3 13 5 210
SP 4 14 2 280
EP 4 15 3 350 8
SP 4 16 4 400
EP 4 17 1 160 9
NP 4 18 5 180
NP 5 19 2 300
NP 5 20 3 250
NP 5 21 4 220
SP 5 22 2 320
EP 5 23 5 180 10
EP 5 24 1 150 7
NP 5 25 3 260
SP 5 26 1 230
SP 5 27 5 270
NP 5 28 4 310
NP 5 29 3 400
NP 5 30 1 120
SP 6 31 5 330
SP 6 32 3 300
EP 6 33 1 190 6
NP 6 34 2 290
NP 6 35 3 340
2
18 1
25 2
