4
110 75
0 154 587 634
154 0 533 214
587 533 0 945
634 214 945 0
3 11
2 5
6 15
2 6
30
EP 1 1 1 159 7
NP 1 2 1 159
SP 1 3 1 588
SP 1 4 1 433
EP 1 5 2 533 10
SP 1 6 4 190
NP 1 7 3 300
NP 1 8 4 145
NP 2 9 4 643
SP 2 10 1 200
SP 2 11 4 520
NP 2 12 1 250
NP 2 13 3 600
SP 3 14 3 580
EP 3 31 1 169 1
EP 3 32 1 179 5
EP 3 33 1 189 3
EP 3 34 1 199 4
EP 3 35 1 129 2
EP 3 15 2 240 5
SP 3 16 2 300
EP 3 17 1 150 10
NP 3 18 1 149
NP 4 19 4 600
NP 4 20 4 600
NP 4 21 3 470
SP 4 22 2 280
EP 4 23 4 300 9
EP 4 24 1 100 10
NP 4 25 1 90
SP 4 26 3 200
SP 4 27 3 240
NP 4 28 3 500
NP 4 29 3 400
NP 4 30 1 100
1
17 1 2
