3
100 60
3 3
0 80 140
80 0 100
140 100 0
2 8
3 12
4 14
40
EP 1 1 1 100 5
NP 1 2 2 80
SP 1 3 3 90
SP 1 4 1 110
EP 2 5 2 140 8
SP 2 6 2 130
NP 2 7 3 100
NP 2 8 2 120
NP 3 9 1 110
SP 3 10 3 130
SP 3 11 2 140
NP 3 12 3 90
NP 3 13 1 120
SP 4 14 1 150
EP 4 15 3 170 7
SP 4 16 2 180
EP 4 17 1 160 9
NP 4 18 2 100
NP 5 19 3 130
NP 5 20 3 140
SP 5 21 1 150
SP 5 22 3 160
EP 6 23 2 170 8
NP 6 24 2 180
NP 6 25 3 190
SP 6 26 1 200
SP 6 27 2 140
NP 6 28 3 130
EP 6 29 1 120 6
NP 7 30 2 150
SP 7 31 3 160
SP 7 32 3 140
EP 7 33 2 180 7
NP 7 34 3 190
SP 7 35 1 200
SP 7 36 3 140
NP 7 37 3 130
EP 7 38 1 120 6
NP 8 39 2 150
SP 8 40 3 160
3
12 1
20 2
30 3
