FT		PID			QT			WT
-842150451		1		1		1
-842150451		3		1		1
-842150451		2		1		1
-842150451		4		1		1
-842150451		12		3		1
-842150451		11		3		1
-842150451		17		4		1
-842150451		6		2		2
-842150451		8		2		2
-842150451		7		2		2
-842150451		10		3		2
-842150451		13		3		2
-842150451		24		5		1
-842150451		26		5		1
-842150451		30		5		1
-842150451		18		4		2
-842150451		5		2		3
-842150451		14		4		2
-842150451		27		5		2
-842150451		22		5		2
-842150451		9		3		3
-842150451		20		5		2
-842150451		21		5		2
-842150451		23		5		2
-842150451		32		6		2
-842150451		31		6		2
-842150451		16		4		3
-842150451		33		6		2
-842150451		28		5		3
-842150451		19		5		3
-842150451		25		5		3
-842150451		15		4		4
-842150451		34		6		3
-842150451		29		5		4
-842150451		35		6		4
----------------------------------------------
Patients: 35 [NP: 16, SP: 12, VP: 7]
Hospitals = 5
Cars: 98 [SCar: 20, NCar: 78]
Avg utilization = 4.01024e+07
