FT		PID			QT			WT
3		3		1		1
5		1		1		2
5		4		1		2
5		2		1		2
6		6		2		2
6		8		2		2
6		7		2		2
7		9		3		2
7		13		3		2
7		11		3		2
7		10		3		2
7		12		3		2
8		5		2		3
8		14		4		2
8		16		4		2
8		18		4		2
9		22		5		2
10		17		4		3
10		15		4		3
10		29		6		2
10		21		5		3
11		19		5		3
11		20		5		3
11		38		7		2
11		27		6		3
11		31		7		2
11		32		7		2
12		23		6		3
12		24		6		3
12		28		6		3
12		36		7		3
13		33		7		3
13		30		7		3
13		37		7		3
13		26		6		5
14		25		6		4
14		39		8		3
14		40		8		4
15		34		7		4
15		35		7		6
----------------------------------------------
Patients: 40 [NP: 16, SP: 16, VP: 8]
Hospitals = 3
Cars: 43 [SCar: 9, NCar: 34]
Avg utilization = 25
