FT		PID			QT			WT
3		1		1		1
3		3		1		1
3		2		1		1
3		4		1		1
5		11		3		1
5		12		3		1
6		8		2		2
6		7		2		2
6		6		2		2
6		17		4		1
7		10		3		2
7		13		3		2
7		24		5		1
7		26		5		1
7		30		5		1
8		5		2		3
8		14		4		2
8		18		4		2
9		9		3		3
9		22		5		2
9		20		5		2
9		21		5		2
9		23		5		2
9		27		5		2
10		16		4		3
10		33		6		2
10		32		6		2
10		31		6		2
11		19		5		3
11		25		5		3
11		28		5		3
12		15		4		4
12		34		6		3
13		29		5		4
14		35		6		4
----------------------------------------------
Patients: 35 [NP: 16, SP: 12, VP: 7]
Hospitals = 5
Cars: 98 [SCar: 20, NCar: 78]
Avg utilization = 6.66667
