FT		PID			QT			WT
5		6		1		2
5		8		1		2
6		10		2		2
7		1		1		3
7		2		1		3
7		17		3		2
7		18		3		2
8		24		4		2
8		25		4		2
8		30		4		2
8		26		4		2
9		4		1		4
9		7		1		4
9		16		3		3
10		12		2		4
10		22		4		3
10		27		4		3
11		15		3		4
12		11		2		5
12		23		4		4
13		3		1		6
15		14		3		6
16		29		4		6
17		5		1		8
18		13		2		8
18		21		4		7
18		28		4		7
20		9		2		9
20		19		4		8
20		20		4		8
----------------------------------------------
Patients: 30 [NP: 14, SP: 10, VP: 6]
Hospitals = 4
Cars: 50 [SCar: 13, NCar: 37]
Avg utilization = 23.8095
